q,CpT_sin,CpT_sn
-0.439923,0.253072,0.408127
-0.439002,0.259257,0.413369
-0.438081,0.265269,0.41845
-0.43716,0.271112,0.423376
-0.436239,0.276789,0.428148
-0.435318,0.282303,0.43277
-0.434397,0.287659,0.437246
-0.433476,0.292859,0.441579
-0.432555,0.297908,0.445772
-0.431634,0.302807,0.449828
-0.430713,0.307561,0.45375
-0.429792,0.312173,0.457541
-0.428871,0.316646,0.461204
-0.42795,0.320982,0.464743
-0.427029,0.325186,0.46816
-0.426108,0.329259,0.471457
-0.425187,0.333206,0.474638
-0.424266,0.337029,0.477706
-0.423345,0.34073,0.480663
-0.422424,0.344313,0.483512
-0.421503,0.347781,0.486255
-0.420582,0.351135,0.488896
-0.419661,0.35438,0.491436
-0.41874,0.357517,0.493878
-0.417819,0.360549,0.496224
-0.416898,0.363478,0.498478
-0.415977,0.366308,0.500641
-0.415056,0.369041,0.502716
-0.414135,0.371678,0.504704
-0.413214,0.374223,0.506609
-0.412293,0.376678,0.508433
-0.411372,0.379045,0.510177
-0.410451,0.381327,0.511844
-0.409529,0.383525,0.513436
-0.408608,0.385642,0.514954
-0.407687,0.38768,0.516402
-0.406766,0.389642,0.517781
-0.405845,0.391528,0.519093
-0.404924,0.393342,0.520339
-0.404003,0.395085,0.521523
-0.403082,0.396759,0.522645
-0.402161,0.398366,0.523707
-0.40124,0.399909,0.524711
-0.400319,0.401388,0.52566
-0.399398,0.402806,0.526554
-0.398477,0.404165,0.527396
-0.397556,0.405466,0.528186
-0.396635,0.406711,0.528928
-0.395714,0.407902,0.529621
-0.394793,0.40904,0.530269
-0.393872,0.410128,0.530871
-0.392951,0.411166,0.531431
-0.39203,0.412156,0.531948
-0.391109,0.4131,0.532426
-0.390188,0.413999,0.532864
-0.389267,0.414856,0.533265
-0.388346,0.41567,0.53363
-0.387425,0.416444,0.53396
-0.386504,0.417179,0.534257
-0.385583,0.417876,0.534521
-0.384662,0.418537,0.534755
-0.383741,0.419163,0.534958
-0.38282,0.419756,0.535133
-0.381899,0.420316,0.535281
-0.380978,0.420845,0.535402
-0.380057,0.421343,0.535498
-0.379136,0.421813,0.535571
-0.378215,0.422255,0.53562
-0.377294,0.422671,0.535647
-0.376373,0.423061,0.535653
-0.375452,0.423427,0.535639
-0.374531,0.423769,0.535606
-0.37361,0.42409,0.535555
-0.372689,0.424388,0.535487
-0.371768,0.424667,0.535403
-0.370846,0.424926,0.535303
-0.369925,0.425166,0.535189
-0.369004,0.425389,0.535061
-0.368083,0.425595,0.53492
-0.367162,0.425786,0.534768
-0.366241,0.425961,0.534604
-0.36532,0.426123,0.534429
-0.364399,0.426271,0.534245
-0.363478,0.426406,0.534052
-0.362557,0.42653,0.53385
-0.361636,0.426643,0.533641
-0.360715,0.426745,0.533425
-0.359794,0.426838,0.533202
-0.358873,0.426922,0.532974
-0.357952,0.426997,0.53274
-0.357031,0.427065,0.532502
-0.35611,0.427126,0.53226
-0.355189,0.427181,0.532015
-0.354268,0.427229,0.531766
-0.353347,0.427273,0.531516
-0.352426,0.427312,0.531263
-0.351505,0.427347,0.531009
-0.350584,0.427378,0.530754
-0.349663,0.427406,0.530499
-0.348742,0.427432,0.530244
-0.347821,0.427455,0.529989
-0.3469,0.427477,0.529736
-0.345979,0.427498,0.529483
-0.345058,0.427518,0.529232
-0.344137,0.427538,0.528983
-0.343216,0.427558,0.528737
-0.342295,0.427578,0.528493
-0.341374,0.4276,0.528252
-0.340453,0.427622,0.528015
-0.339532,0.427646,0.527781
-0.338611,0.427672,0.527552
-0.33769,0.4277,0.527327
-0.336769,0.427731,0.527106
-0.335848,0.427765,0.52689
-0.334927,0.427802,0.526679
-0.334006,0.427842,0.526474
-0.333085,0.427886,0.526274
-0.332164,0.427934,0.52608
-0.331242,0.427986,0.525892
-0.330321,0.428043,0.52571
-0.3294,0.428104,0.525534
-0.328479,0.428171,0.525365
-0.327558,0.428242,0.525203
-0.326637,0.428318,0.525047
-0.325716,0.4284,0.524899
-0.324795,0.428488,0.524758
-0.323874,0.428581,0.524624
-0.322953,0.428681,0.524497
-0.322032,0.428786,0.524378
-0.321111,0.428898,0.524266
-0.32019,0.429015,0.524163
-0.319269,0.42914,0.524067
-0.318348,0.429271,0.523978
-0.317427,0.429408,0.523898
-0.316506,0.429553,0.523826
-0.315585,0.429704,0.523762
-0.314664,0.429862,0.523706
-0.313743,0.430027,0.523659
-0.312822,0.4302,0.523619
-0.311901,0.430379,0.523588
-0.31098,0.430566,0.523565
-0.310059,0.430759,0.523551
-0.309138,0.43096,0.523545
-0.308217,0.431169,0.523547
-0.307296,0.431384,0.523557
-0.306375,0.431607,0.523576
-0.305454,0.431837,0.523603
-0.304533,0.432075,0.523638
-0.303612,0.43232,0.523682
-0.302691,0.432572,0.523734
-0.30177,0.432831,0.523794
-0.300849,0.433098,0.523863
-0.299928,0.433372,0.523939
-0.299007,0.433654,0.524024
-0.298086,0.433942,0.524117
-0.297165,0.434238,0.524218
-0.296244,0.434541,0.524326
-0.295323,0.434851,0.524443
-0.294402,0.435169,0.524568
-0.293481,0.435493,0.5247
-0.29256,0.435824,0.52484
-0.291638,0.436162,0.524988
-0.290717,0.436507,0.525143
-0.289796,0.436859,0.525306
-0.288875,0.437218,0.525476
-0.287954,0.437583,0.525654
-0.287033,0.437955,0.525838
-0.286112,0.438333,0.52603
-0.285191,0.438718,0.526229
-0.28427,0.439109,0.526435
-0.283349,0.439506,0.526648
-0.282428,0.43991,0.526868
-0.281507,0.440319,0.527094
-0.280586,0.440735,0.527327
-0.279665,0.441157,0.527567
-0.278744,0.441584,0.527813
-0.277823,0.442017,0.528065
-0.276902,0.442456,0.528323
-0.275981,0.4429,0.528587
-0.27506,0.443349,0.528857
-0.274139,0.443804,0.529133
-0.273218,0.444264,0.529415
-0.272297,0.44473,0.529703
-0.271376,0.4452,0.529995
-0.270455,0.445675,0.530294
-0.269534,0.446155,0.530597
-0.268613,0.446639,0.530906
-0.267692,0.447128,0.531219
-0.266771,0.447622,0.531538
-0.26585,0.44812,0.531861
-0.264929,0.448622,0.532189
-0.264008,0.449128,0.532522
-0.263087,0.449638,0.532859
-0.262166,0.450152,0.5332
-0.261245,0.45067,0.533545
-0.260324,0.451191,0.533895
-0.259403,0.451716,0.534248
-0.258482,0.452245,0.534606
-0.257561,0.452776,0.534967
-0.25664,0.453311,0.535331
-0.255719,0.453849,0.535699
-0.254798,0.45439,0.536071
-0.253877,0.454934,0.536446
-0.252956,0.455481,0.536823
-0.252034,0.45603,0.537204
-0.251113,0.456582,0.537588
-0.250192,0.457136,0.537974
-0.249271,0.457692,0.538364
-0.24835,0.458251,0.538755
-0.247429,0.458812,0.539149
-0.246508,0.459374,0.539546
-0.245587,0.459939,0.539945
-0.244666,0.460505,0.540346
-0.243745,0.461073,0.540748
-0.242824,0.461643,0.541153
-0.241903,0.462214,0.54156
-0.240982,0.462786,0.541968
-0.240061,0.46336,0.542378
-0.23914,0.463934,0.542789
-0.238219,0.46451,0.543202
-0.237298,0.465087,0.543616
-0.236377,0.465664,0.544031
-0.235456,0.466243,0.544447
-0.234535,0.466822,0.544865
-0.233614,0.467401,0.545283
-0.232693,0.467981,0.545702
-0.231772,0.468562,0.546122
-0.230851,0.469143,0.546542
-0.22993,0.469724,0.546963
-0.229009,0.470305,0.547385
-0.228088,0.470886,0.547807
-0.227167,0.471467,0.548229
-0.226246,0.472048,0.548651
-0.225325,0.472629,0.549074
-0.224404,0.47321,0.549497
-0.223483,0.47379,0.549919
-0.222562,0.47437,0.550342
-0.221641,0.47495,0.550765
-0.22072,0.475529,0.551187
-0.219799,0.476108,0.551609
-0.218878,0.476685,0.552031
-0.217957,0.477262,0.552452
-0.217036,0.477839,0.552873
-0.216115,0.478414,0.553293
-0.215194,0.478989,0.553713
-0.214273,0.479562,0.554132
-0.213352,0.480135,0.554551
-0.21243,0.480707,0.554969
-0.211509,0.481277,0.555386
-0.210588,0.481847,0.555802
-0.209667,0.482415,0.556218
-0.208746,0.482982,0.556632
-0.207825,0.483548,0.557046
-0.206904,0.484112,0.557458
-0.205983,0.484675,0.55787
-0.205062,0.485237,0.558281
-0.204141,0.485797,0.55869
-0.20322,0.486356,0.559099
-0.202299,0.486914,0.559506
-0.201378,0.48747,0.559912
-0.200457,0.488024,0.560317
-0.199536,0.488577,0.560721
-0.198615,0.489129,0.561124
-0.197694,0.489678,0.561525
-0.196773,0.490227,0.561925
-0.195852,0.490773,0.562324
-0.194931,0.491318,0.562722
-0.19401,0.491862,0.563118
-0.193089,0.492404,0.563513
-0.192168,0.492944,0.563907
-0.191247,0.493483,0.5643
-0.190326,0.49402,0.564691
-0.189405,0.494555,0.565081
-0.188484,0.495089,0.56547
-0.187563,0.495621,0.565857
-0.186642,0.496152,0.566244
-0.185721,0.496681,0.566629
-0.1848,0.497208,0.567012
-0.183879,0.497734,0.567395
-0.182958,0.498259,0.567776
-0.182037,0.498781,0.568157
-0.181116,0.499303,0.568536
-0.180195,0.499822,0.568913
-0.179274,0.500341,0.56929
-0.178353,0.500858,0.569666
-0.177432,0.501373,0.57004
-0.176511,0.501887,0.570414
-0.17559,0.5024,0.570786
-0.174669,0.502911,0.571158
-0.173747,0.503421,0.571529
-0.172826,0.50393,0.571898
-0.171905,0.504438,0.572267
-0.170984,0.504944,0.572635
-0.170063,0.50545,0.573002
-0.169142,0.505954,0.573369
-0.168221,0.506457,0.573735
-0.1673,0.506959,0.5741
-0.166379,0.50746,0.574464
-0.165458,0.507961,0.574828
-0.164537,0.50846,0.575192
-0.163616,0.508959,0.575555
-0.162695,0.509456,0.575917
-0.161774,0.509954,0.576279
-0.160853,0.51045,0.576641
-0.159932,0.510946,0.577003
-0.159011,0.511441,0.577365
-0.15809,0.511936,0.577726
-0.157169,0.512431,0.578087
-0.156248,0.512925,0.578449
-0.155327,0.513419,0.57881
-0.154406,0.513913,0.579172
-0.153485,0.514406,0.579534
-0.152564,0.5149,0.579896
-0.151643,0.515393,0.580258
-0.150722,0.515887,0.580621
-0.149801,0.51638,0.580984
-0.14888,0.516874,0.581348
-0.147959,0.517368,0.581713
-0.147038,0.517863,0.582078
-0.146117,0.518358,0.582444
-0.145196,0.518853,0.582811
-0.144275,0.519349,0.583178
-0.143354,0.519846,0.583547
-0.142433,0.520343,0.583917
-0.141512,0.520841,0.584288
-0.140591,0.52134,0.58466
-0.13967,0.521841,0.585034
-0.138749,0.522342,0.585409
-0.137828,0.522844,0.585785
-0.136907,0.523347,0.586163
-0.135986,0.523852,0.586543
-0.135065,0.524358,0.586924
-0.134143,0.524866,0.587307
-0.133222,0.525375,0.587692
-0.132301,0.525886,0.588079
-0.13138,0.526399,0.588468
-0.130459,0.526913,0.58886
-0.129538,0.52743,0.589253
-0.128617,0.527948,0.589649
-0.127696,0.528469,0.590047
-0.126775,0.528991,0.590448
-0.125854,0.529516,0.590851
-0.124933,0.530043,0.591257
-0.124012,0.530573,0.591666
-0.123091,0.531105,0.592078
-0.12217,0.53164,0.592492
-0.121249,0.532177,0.59291
-0.120328,0.532718,0.593331
-0.119407,0.533261,0.593754
-0.118486,0.533807,0.594182
-0.117565,0.534356,0.594612
-0.116644,0.534908,0.595046
-0.115723,0.535464,0.595484
-0.114802,0.536023,0.595925
-0.113881,0.536585,0.596369
-0.11296,0.537151,0.596818
-0.112039,0.53772,0.597271
-0.111118,0.538293,0.597727
-0.110197,0.53887,0.598188
-0.109276,0.539451,0.598652
-0.108355,0.540035,0.599121
-0.107434,0.540624,0.599594
-0.106513,0.541216,0.600072
-0.105592,0.541813,0.600554
-0.104671,0.542414,0.601041
-0.10375,0.54302,0.601532
-0.102829,0.54363,0.602028
-0.101908,0.544244,0.602529
-0.100987,0.544863,0.603034
-0.100066,0.545487,0.603545
-0.0991446,0.546115,0.60406
-0.0982236,0.546749,0.604581
-0.0973026,0.547387,0.605107
-0.0963815,0.54803,0.605638
-0.0954605,0.548678,0.606175
-0.0945395,0.549332,0.606716
-0.0936185,0.54999,0.607264
-0.0926974,0.550654,0.607817
-0.0917764,0.551324,0.608375
-0.0908554,0.551998,0.608939
-0.0899344,0.552679,0.609509
-0.0890133,0.553364,0.610085
-0.0880923,0.554056,0.610667
-0.0871713,0.554753,0.611254
-0.0862503,0.555456,0.611848
-0.0853293,0.556165,0.612448
-0.0844082,0.556879,0.613054
-0.0834872,0.5576,0.613666
-0.0825662,0.558327,0.614284
-0.0816452,0.55906,0.614909
-0.0807241,0.559799,0.61554
-0.0798031,0.560544,0.616178
-0.0788821,0.561296,0.616822
-0.0779611,0.562053,0.617472
-0.07704,0.562818,0.618129
-0.076119,0.563588,0.618793
-0.075198,0.564365,0.619464
-0.074277,0.565149,0.620141
-0.073356,0.565939,0.620825
-0.0724349,0.566736,0.621516
-0.0715139,0.56754,0.622213
-0.0705929,0.56835,0.622918
-0.0696719,0.569167,0.62363
-0.0687508,0.569991,0.624348
-0.0678298,0.570822,0.625074
-0.0669088,0.571659,0.625807
-0.0659878,0.572504,0.626546
-0.0650667,0.573355,0.627293
-0.0641457,0.574214,0.628048
-0.0632247,0.575079,0.628809
-0.0623037,0.575952,0.629577
-0.0613826,0.576832,0.630353
-0.0604616,0.577718,0.631136
-0.0595406,0.578612,0.631927
-0.0586196,0.579513,0.632724
-0.0576986,0.580422,0.633529
-0.0567775,0.581337,0.634342
-0.0558565,0.58226,0.635162
-0.0549355,0.58319,0.635989
-0.0540145,0.584127,0.636823
-0.0530934,0.585071,0.637665
-0.0521724,0.586023,0.638515
-0.0512514,0.586982,0.639372
-0.0503304,0.587948,0.640236
-0.0494093,0.588922,0.641108
-0.0484883,0.589903,0.641987
-0.0475673,0.590891,0.642874
-0.0466463,0.591887,0.643768
-0.0457253,0.59289,0.644669
-0.0448042,0.5939,0.645578
-0.0438832,0.594917,0.646495
-0.0429622,0.595942,0.647418
-0.0420412,0.596975,0.64835
-0.0411201,0.598014,0.649288
-0.0401991,0.599061,0.650235
-0.0392781,0.600115,0.651188
-0.0383571,0.601176,0.652149
-0.037436,0.602245,0.653117
-0.036515,0.603321,0.654093
-0.035594,0.604404,0.655076
-0.034673,0.605494,0.656066
-0.0337519,0.606591,0.657063
-0.0328309,0.607696,0.658068
-0.0319099,0.608808,0.65908
-0.0309889,0.609926,0.660099
-0.0300679,0.611052,0.661126
-0.0291468,0.612185,0.662159
-0.0282258,0.613325,0.6632
-0.0273048,0.614472,0.664247
-0.0263838,0.615626,0.665302
-0.0254627,0.616787,0.666364
-0.0245417,0.617955,0.667433
-0.0236207,0.61913,0.668508
-0.0226997,0.620311,0.669591
-0.0217786,0.6215,0.670681
-0.0208576,0.622695,0.671777
-0.0199366,0.623897,0.67288
-0.0190156,0.625105,0.67399
-0.0180945,0.62632,0.675106
-0.0171735,0.627542,0.676229
-0.0162525,0.62877,0.677359
-0.0153315,0.630005,0.678495
-0.0144105,0.631246,0.679638
-0.0134894,0.632494,0.680788
-0.0125684,0.633748,0.681943
-0.0116474,0.635008,0.683105
-0.0107264,0.636274,0.684274
-0.00980534,0.637547,0.685448
-0.00888432,0.638826,0.686629
-0.00796329,0.640111,0.687816
-0.00704227,0.641402,0.689009
-0.00612125,0.642699,0.690208
-0.00520022,0.644002,0.691413
-0.0042792,0.645311,0.692624
-0.00335818,0.646625,0.693841
-0.00243715,0.647946,0.695064
-0.00151613,0.649272,0.696293
-0.000595106,0.650604,0.697527
0.000325918,0.651941,0.698767
0.00124694,0.653284,0.700012
0.00216796,0.654633,0.701263
0.00308899,0.655987,0.70252
0.00401001,0.657346,0.703781
0.00493103,0.658711,0.705049
0.00585206,0.660081,0.706321
0.00677308,0.661456,0.707599
0.0076941,0.662836,0.708882
0.00861513,0.664221,0.71017
0.00953615,0.665612,0.711464
0.0104572,0.667007,0.712762
0.0113782,0.668408,0.714065
0.0122992,0.669813,0.715374
0.0132202,0.671224,0.716687
0.0141413,0.672639,0.718005
0.0150623,0.674058,0.719327
0.0159833,0.675483,0.720655
0.0169043,0.676912,0.721987
0.0178254,0.678346,0.723324
0.0187464,0.679784,0.724666
0.0196674,0.681227,0.726012
0.0205884,0.682674,0.727362
0.0215095,0.684126,0.728717
0.0224305,0.685583,0.730077
0.0233515,0.687043,0.731441
0.0242725,0.688508,0.732809
0.0251935,0.689978,0.734182
0.0261146,0.691451,0.735559
0.0270356,0.692929,0.73694
0.0279566,0.694411,0.738325
0.0288776,0.695897,0.739715
0.0297987,0.697388,0.741109
0.0307197,0.698883,0.742507
0.0316407,0.700382,0.74391
0.0325617,0.701885,0.745316
0.0334828,0.703392,0.746727
0.0344038,0.704903,0.748142
0.0353248,0.706418,0.749561
0.0362458,0.707938,0.750985
0.0371669,0.709462,0.752412
0.0380879,0.71099,0.753844
0.0390089,0.712522,0.75528
0.0399299,0.714058,0.75672
0.0408509,0.715598,0.758164
0.041772,0.717143,0.759613
0.042693,0.718692,0.761066
0.043614,0.720245,0.762523
0.044535,0.721803,0.763985
0.0454561,0.723365,0.765451
0.0463771,0.724931,0.766921
0.0472981,0.726502,0.768396
0.0482191,0.728077,0.769876
0.0491402,0.729657,0.77136
0.0500612,0.731241,0.772849
0.0509822,0.732831,0.774343
0.0519032,0.734425,0.775841
0.0528242,0.736024,0.777345
0.0537453,0.737628,0.778853
0.0546663,0.739237,0.780367
0.0555873,0.740851,0.781886
0.0565083,0.742471,0.783411
0.0574294,0.744096,0.78494
0.0583504,0.745726,0.786476
0.0592714,0.747363,0.788017
0.0601924,0.749005,0.789564
0.0611135,0.750653,0.791117
0.0620345,0.752307,0.792676
0.0629555,0.753967,0.794242
0.0638765,0.755634,0.795814
0.0647976,0.757308,0.797393
0.0657186,0.758988,0.798978
0.0666396,0.760675,0.800571
0.0675606,0.76237,0.802171
0.0684816,0.764072,0.803779
0.0694027,0.765781,0.805394
0.0703237,0.767499,0.807017
0.0712447,0.769224,0.808648
0.0721657,0.770958,0.810288
0.0730868,0.7727,0.811936
0.0740078,0.774452,0.813594
0.0749288,0.776212,0.81526
0.0758498,0.777982,0.816936
0.0767709,0.779762,0.818622
0.0776919,0.781552,0.820319
0.0786129,0.783352,0.822025
0.0795339,0.785163,0.823743
0.0804549,0.786985,0.825471
0.081376,0.788819,0.827211
0.082297,0.790664,0.828963
0.083218,0.792521,0.830727
0.084139,0.794391,0.832504
0.0850601,0.796274,0.834294
0.0859811,0.79817,0.836098
0.0869021,0.800081,0.837915
0.0878231,0.802005,0.839747
0.0887442,0.803944,0.841593
0.0896652,0.805898,0.843455
0.0905862,0.807869,0.845332
0.0915072,0.809855,0.847226
0.0924283,0.811858,0.849137
0.0933493,0.813878,0.851065
0.0942703,0.815916,0.853011
0.0951913,0.817972,0.854975
0.0961123,0.820048,0.856958
0.0970334,0.822142,0.858961
0.0979544,0.824257,0.860984
0.0988754,0.826393,0.863028
0.0997964,0.82855,0.865094
0.100717,0.830729,0.867181
0.101638,0.832931,0.869292
0.10256,0.835156,0.871425
0.103481,0.837406,0.873584
0.104402,0.83968,0.875767
0.105323,0.84198,0.877975
0.106244,0.844306,0.880211
0.107165,0.84666,0.882473
0.108086,0.849041,0.884764
0.109007,0.851452,0.887083
0.109928,0.853892,0.889432
0.110849,0.856362,0.891812
0.11177,0.858864,0.894223
0.112691,0.861398,0.896667
0.113612,0.863965,0.899144
0.114533,0.866567,0.901655
0.115454,0.869204,0.904201
0.116375,0.871877,0.906784
0.117296,0.874587,0.909404
0.118217,0.877335,0.912062
0.119138,0.880122,0.914759
0.120059,0.88295,0.917497
0.12098,0.885819,0.920276
0.121901,0.888731,0.923098
0.122822,0.891687,0.925964
0.123743,0.894687,0.928874
0.124664,0.897734,0.931831
0.125585,0.900828,0.934835
0.126506,0.90397,0.937888
0.127427,0.907163,0.94099
0.128348,0.910406,0.944144
0.129269,0.913703,0.94735
0.13019,0.917053,0.950611
0.131111,0.920458,0.953926
0.132032,0.92392,0.957298
0.132953,0.92744,0.960729
0.133874,0.93102,0.964218
0.134795,0.934661,0.967769
0.135716,0.938365,0.971383
0.136637,0.942132,0.975061
0.137558,0.945966,0.978804
0.138479,0.949867,0.982615
0.1394,0.953837,0.986495
0.140321,0.957878,0.990446
0.141242,0.961991,0.994469
0.142164,0.966179,0.998566
0.143085,0.970442,1.00274
0.144006,0.974784,1.00699
0.144927,0.979205,1.01132
0.145848,0.983707,1.01573
0.146769,0.988293,1.02023
0.14769,0.992965,1.02481
0.148611,0.997724,1.02948
0.149532,1.00257,1.03423
0.150453,1.00751,1.03908
0.151374,1.01254,1.04402
0.152295,1.01767,1.04906
0.153216,1.0229,1.05419
0.154137,1.02823,1.05943
0.155058,1.03366,1.06476
0.155979,1.03919,1.07021
0.1569,1.04483,1.07575
0.157821,1.05058,1.08141
0.158742,1.05644,1.08718
0.159663,1.06242,1.09306
0.160584,1.06851,1.09906
0.161505,1.07472,1.10517
0.162426,1.08105,1.11141
0.163347,1.08751,1.11777
0.164268,1.09409,1.12426
0.165189,1.10081,1.13088
0.16611,1.10765,1.13763
0.167031,1.11463,1.14451
0.167952,1.12175,1.15153
0.168873,1.12901,1.15869
0.169794,1.13641,1.166
0.170715,1.14396,1.17345
0.171636,1.15166,1.18105
0.172557,1.15951,1.1888
0.173478,1.16752,1.1967
0.174399,1.17568,1.20477
0.17532,1.18401,1.21299
0.176241,1.19251,1.22139
0.177162,1.20117,1.22994
0.178083,1.21,1.23867
0.179004,1.21901,1.24758
0.179925,1.2282,1.25666
0.180846,1.23757,1.26593
0.181768,1.24712,1.27537
0.182689,1.25687,1.28501
0.18361,1.26681,1.29484
0.184531,1.27694,1.30487
0.185452,1.28728,1.31509
0.186373,1.29781,1.32552
0.187294,1.30856,1.33616
0.188215,1.31952,1.347
0.189136,1.3307,1.35807
0.190057,1.34209,1.36935
0.190978,1.35371,1.38085
0.191899,1.36556,1.39258
0.19282,1.37764,1.40454
0.193741,1.38996,1.41674
0.194662,1.40251,1.42918
0.195583,1.41532,1.44186
0.196504,1.42837,1.45479
0.197425,1.44168,1.46798
0.198346,1.45524,1.48142
0.199267,1.46907,1.49512
0.200188,1.48317,1.50909
0.201109,1.49754,1.52333
0.20203,1.51219,1.53785
0.202951,1.52713,1.55265
0.203872,1.54235,1.56774
0.204793,1.55786,1.58312
0.205714,1.57367,1.59879
0.206635,1.58978,1.61476
0.207556,1.6062,1.63104
0.208477,1.62294,1.64764
0.209398,1.63999,1.66455
0.210319,1.65737,1.68178
0.21124,1.67508,1.69934
0.212161,1.69312,1.71723
0.213082,1.71151,1.73547
0.214003,1.73024,1.75405
0.214924,1.74932,1.77297
0.215845,1.76876,1.79226
0.216766,1.78857,1.8119
0.217687,1.80875,1.83192
0.218608,1.8293,1.85231
0.219529,1.85024,1.87308
0.220451,1.87156,1.89423
0.221372,1.89328,1.91578
0.222293,1.9154,1.93773
0.223214,1.93793,1.96008
0.224135,1.96088,1.98285
0.225056,1.98424,2.00603
0.225977,2.00804,2.02964
0.226898,2.03227,2.05368
0.227819,2.05694,2.07816
0.22874,2.08205,2.10309
0.229661,2.10763,2.12847
0.230582,2.13367,2.1543
0.231503,2.16018,2.18061
0.232424,2.18716,2.20739
0.233345,2.21463,2.23465
0.234266,2.24259,2.2624
0.235187,2.27106,2.29065
0.236108,2.30003,2.3194
0.237029,2.32951,2.34866
0.23795,2.35952,2.37844
0.238871,2.39006,2.40876
0.239792,2.42114,2.4396
0.240713,2.45277,2.47099
0.241634,2.48495,2.50293
0.242555,2.51769,2.53543
0.243476,2.55101,2.5685
0.244397,2.58491,2.60215
0.245318,2.6194,2.63638
0.246239,2.65449,2.6712
0.24716,2.69018,2.70663
0.248081,2.72649,2.74267
0.249002,2.76342,2.77933
0.249923,2.80099,2.81662
0.250844,2.8392,2.85454
