q,CpT_sin,CpT_sn
-0.0596754,0.754185,1.27227
-0.0589058,0.753552,1.26531
-0.0581363,0.752932,1.25847
-0.0573667,0.752325,1.25176
-0.0565972,0.75173,1.24516
-0.0558277,0.751148,1.23868
-0.0550581,0.750578,1.23232
-0.0542886,0.750018,1.22608
-0.053519,0.74947,1.21994
-0.0527495,0.748933,1.21391
-0.05198,0.748406,1.20799
-0.0512104,0.747889,1.20217
-0.0504409,0.747382,1.19645
-0.0496713,0.746884,1.19083
-0.0489018,0.746396,1.1853
-0.0481323,0.745916,1.17987
-0.0473627,0.745445,1.17454
-0.0465932,0.744981,1.16929
-0.0458236,0.744526,1.16413
-0.0450541,0.744079,1.15906
-0.0442846,0.743639,1.15407
-0.043515,0.743206,1.14917
-0.0427455,0.74278,1.14435
-0.041976,0.74236,1.1396
-0.0412064,0.741947,1.13493
-0.0404369,0.741541,1.13034
-0.0396673,0.74114,1.12582
-0.0388978,0.740745,1.12138
-0.0381283,0.740355,1.117
-0.0373587,0.739971,1.11269
-0.0365892,0.739592,1.10845
-0.0358196,0.739218,1.10428
-0.0350501,0.738848,1.10017
-0.0342806,0.738483,1.09612
-0.033511,0.738123,1.09214
-0.0327415,0.737766,1.08821
-0.0319719,0.737414,1.08434
-0.0312024,0.737066,1.08053
-0.0304329,0.736721,1.07678
-0.0296633,0.73638,1.07308
-0.0288938,0.736042,1.06943
-0.0281242,0.735707,1.06584
-0.0273547,0.735376,1.06229
-0.0265852,0.735047,1.0588
-0.0258156,0.734721,1.05536
-0.0250461,0.734399,1.05196
-0.0242766,0.734078,1.04861
-0.023507,0.73376,1.0453
-0.0227375,0.733445,1.04204
-0.0219679,0.733131,1.03883
-0.0211984,0.73282,1.03565
-0.0204289,0.732511,1.03252
-0.0196593,0.732204,1.02943
-0.0188898,0.731898,1.02638
-0.0181202,0.731595,1.02336
-0.0173507,0.731292,1.02039
-0.0165812,0.730992,1.01745
-0.0158116,0.730693,1.01455
-0.0150421,0.730395,1.01168
-0.0142725,0.730099,1.00885
-0.013503,0.729804,1.00605
-0.0127335,0.72951,1.00328
-0.0119639,0.729217,1.00055
-0.0111944,0.728925,0.997849
-0.0104248,0.728635,0.995179
-0.00965531,0.728345,0.99254
-0.00888577,0.728056,0.98993
-0.00811623,0.727767,0.987349
-0.00734669,0.72748,0.984797
-0.00657715,0.727193,0.982272
-0.00580762,0.726907,0.979775
-0.00503808,0.726621,0.977305
-0.00426854,0.726336,0.974861
-0.003499,0.726052,0.972442
-0.00272946,0.725768,0.970048
-0.00195992,0.725484,0.967679
-0.00119038,0.725201,0.965335
-0.000420842,0.724918,0.963013
0.000348697,0.724636,0.960715
0.00111824,0.724353,0.95844
0.00188778,0.724071,0.956186
0.00265731,0.72379,0.953955
0.00342685,0.723508,0.951745
0.00419639,0.723227,0.949556
0.00496593,0.722946,0.947387
0.00573547,0.722665,0.945239
0.00650501,0.722385,0.94311
0.00727455,0.722104,0.941001
0.00804409,0.721824,0.938911
0.00881363,0.721543,0.936839
0.00958317,0.721263,0.934786
0.0103527,0.720983,0.932751
0.0111222,0.720703,0.930734
0.0118918,0.720423,0.928734
0.0126613,0.720143,0.926752
0.0134309,0.719863,0.924786
0.0142004,0.719583,0.922837
0.0149699,0.719303,0.920904
0.0157395,0.719024,0.918987
0.016509,0.718744,0.917086
0.0172786,0.718464,0.915201
0.0180481,0.718184,0.913331
0.0188176,0.717904,0.911476
0.0195872,0.717625,0.909635
0.0203567,0.717345,0.90781
0.0211263,0.717065,0.905998
0.0218958,0.716786,0.904201
0.0226653,0.716506,0.902418
0.0234349,0.716226,0.900649
0.0242044,0.715947,0.898893
0.0249739,0.715667,0.897151
0.0257435,0.715388,0.895422
0.026513,0.715108,0.893705
0.0272826,0.714829,0.892002
0.0280521,0.714549,0.890312
0.0288216,0.71427,0.888634
0.0295912,0.713991,0.886968
0.0303607,0.713712,0.885315
0.0311303,0.713433,0.883673
0.0318998,0.713154,0.882044
0.0326693,0.712875,0.880426
0.0334389,0.712596,0.87882
0.0342084,0.712317,0.877226
0.034978,0.712039,0.875643
0.0357475,0.71176,0.874071
0.036517,0.711482,0.87251
0.0372866,0.711204,0.870961
0.0380561,0.710926,0.869422
0.0388257,0.710648,0.867894
0.0395952,0.71037,0.866377
0.0403647,0.710093,0.86487
0.0411343,0.709815,0.863374
0.0419038,0.709538,0.861888
0.0426733,0.709261,0.860412
0.0434429,0.708985,0.858946
0.0442124,0.708708,0.857491
0.044982,0.708432,0.856045
0.0457515,0.708156,0.85461
0.046521,0.70788,0.853184
0.0472906,0.707605,0.851767
0.0480601,0.707329,0.85036
0.0488297,0.707055,0.848963
0.0495992,0.70678,0.847575
0.0503687,0.706506,0.846197
0.0511383,0.706231,0.844827
0.0519078,0.705958,0.843467
0.0526774,0.705684,0.842116
0.0534469,0.705411,0.840773
0.0542164,0.705138,0.83944
0.054986,0.704866,0.838116
0.0557555,0.704594,0.8368
0.0565251,0.704322,0.835493
0.0572946,0.70405,0.834194
0.0580641,0.703779,0.832904
0.0588337,0.703509,0.831622
0.0596032,0.703238,0.830349
0.0603727,0.702968,0.829084
0.0611423,0.702699,0.827827
0.0619118,0.70243,0.826578
0.0626814,0.702161,0.825338
0.0634509,0.701892,0.824105
0.0642204,0.701624,0.82288
0.06499,0.701357,0.821663
0.0657595,0.70109,0.820454
0.0665291,0.700823,0.819253
0.0672986,0.700557,0.818059
0.0680681,0.700291,0.816872
0.0688377,0.700025,0.815693
0.0696072,0.69976,0.814522
0.0703768,0.699495,0.813358
0.0711463,0.699231,0.812201
0.0719158,0.698967,0.811051
0.0726854,0.698704,0.809909
0.0734549,0.698441,0.808773
0.0742244,0.698178,0.807645
0.074994,0.697916,0.806523
0.0757635,0.697655,0.805409
0.0765331,0.697393,0.804301
0.0773026,0.697133,0.803199
0.0780721,0.696872,0.802105
0.0788417,0.696612,0.801017
0.0796112,0.696353,0.799935
0.0803808,0.696094,0.79886
0.0811503,0.695835,0.797791
0.0819198,0.695577,0.796729
0.0826894,0.695319,0.795672
0.0834589,0.695062,0.794622
0.0842285,0.694805,0.793578
0.084998,0.694548,0.79254
0.0857675,0.694292,0.791508
0.0865371,0.694037,0.790482
0.0873066,0.693781,0.789462
0.0880762,0.693526,0.788447
0.0888457,0.693272,0.787438
0.0896152,0.693018,0.786435
0.0903848,0.692764,0.785437
0.0911543,0.692511,0.784444
0.0919238,0.692258,0.783457
0.0926934,0.692005,0.782476
0.0934629,0.691753,0.781499
0.0942325,0.691501,0.780528
0.095002,0.69125,0.779562
0.0957715,0.690999,0.778601
0.0965411,0.690748,0.777645
0.0973106,0.690498,0.776694
0.0980802,0.690248,0.775748
0.0988497,0.689998,0.774807
0.0996192,0.689749,0.77387
0.100389,0.689499,0.772938
0.101158,0.689251,0.772011
0.101928,0.689002,0.771088
0.102697,0.688754,0.770169
0.103467,0.688507,0.769255
0.104236,0.688259,0.768346
0.105006,0.688012,0.767441
0.105776,0.687765,0.76654
0.106545,0.687518,0.765643
0.107315,0.687272,0.76475
0.108084,0.687026,0.763861
0.108854,0.68678,0.762977
0.109623,0.686535,0.762096
0.110393,0.68629,0.761219
0.111162,0.686044,0.760346
0.111932,0.6858,0.759477
0.112701,0.685555,0.758611
0.113471,0.685311,0.757749
0.11424,0.685067,0.756891
0.11501,0.684823,0.756037
0.11578,0.684579,0.755185
0.116549,0.684336,0.754338
0.117319,0.684092,0.753493
0.118088,0.683849,0.752652
0.118858,0.683607,0.751815
0.119627,0.683364,0.75098
0.120397,0.683121,0.750149
0.121166,0.682879,0.749321
0.121936,0.682637,0.748497
0.122705,0.682395,0.747675
0.123475,0.682153,0.746856
0.124244,0.681911,0.746041
0.125014,0.68167,0.745228
0.125784,0.681428,0.744418
0.126553,0.681187,0.743612
0.127323,0.680946,0.742808
0.128092,0.680705,0.742007
0.128862,0.680464,0.741208
0.129631,0.680224,0.740413
0.130401,0.679983,0.73962
0.13117,0.679743,0.73883
0.13194,0.679502,0.738043
0.132709,0.679262,0.737258
0.133479,0.679022,0.736476
0.134248,0.678782,0.735697
0.135018,0.678542,0.73492
0.135788,0.678303,0.734146
0.136557,0.678063,0.733374
0.137327,0.677823,0.732605
0.138096,0.677584,0.731838
0.138866,0.677345,0.731074
0.139635,0.677106,0.730313
0.140405,0.676866,0.729554
0.141174,0.676628,0.728797
0.141944,0.676389,0.728043
0.142713,0.67615,0.727291
0.143483,0.675911,0.726542
0.144253,0.675673,0.725795
0.145022,0.675434,0.725051
0.145792,0.675196,0.724309
0.146561,0.674958,0.723569
0.147331,0.67472,0.722832
0.1481,0.674482,0.722097
0.14887,0.674244,0.721365
0.149639,0.674006,0.720636
0.150409,0.673769,0.719908
0.151178,0.673532,0.719183
0.151948,0.673294,0.718461
0.152717,0.673057,0.717741
0.153487,0.67282,0.717024
0.154257,0.672583,0.716309
0.155026,0.672347,0.715596
0.155796,0.67211,0.714886
0.156565,0.671874,0.714179
0.157335,0.671638,0.713474
0.158104,0.671402,0.712771
0.158874,0.671166,0.712072
0.159643,0.67093,0.711375
0.160413,0.670695,0.71068
0.161182,0.670459,0.709988
0.161952,0.670224,0.709299
0.162721,0.669989,0.708612
0.163491,0.669755,0.707928
0.164261,0.66952,0.707247
0.16503,0.669286,0.706568
0.1658,0.669052,0.705892
0.166569,0.668819,0.705219
0.167339,0.668585,0.704549
0.168108,0.668352,0.703882
0.168878,0.668119,0.703217
0.169647,0.667887,0.702555
0.170417,0.667654,0.701896
0.171186,0.667422,0.70124
0.171956,0.66719,0.700587
0.172725,0.666959,0.699937
0.173495,0.666728,0.69929
0.174265,0.666497,0.698646
0.175034,0.666267,0.698005
0.175804,0.666036,0.697367
0.176573,0.665807,0.696731
0.177343,0.665577,0.696099
0.178112,0.665348,0.69547
0.178882,0.665119,0.694845
0.179651,0.664891,0.694222
0.180421,0.664663,0.693602
0.18119,0.664436,0.692986
0.18196,0.664208,0.692372
0.182729,0.663982,0.691762
0.183499,0.663755,0.691155
0.184269,0.663529,0.690551
0.185038,0.663304,0.68995
0.185808,0.663078,0.689352
0.186577,0.662854,0.688758
0.187347,0.662629,0.688167
0.188116,0.662406,0.687578
0.188886,0.662182,0.686993
0.189655,0.661959,0.686411
0.190425,0.661737,0.685832
0.191194,0.661514,0.685257
0.191964,0.661293,0.684684
0.192733,0.661072,0.684114
0.193503,0.660851,0.683547
0.194273,0.66063,0.682984
0.195042,0.660411,0.682423
0.195812,0.660191,0.681865
0.196581,0.659972,0.68131
0.197351,0.659754,0.680757
0.19812,0.659535,0.680208
0.19889,0.659318,0.679661
0.199659,0.6591,0.679116
0.200429,0.658883,0.678574
0.201198,0.658667,0.678035
0.201968,0.658451,0.677498
0.202737,0.658235,0.676963
0.203507,0.65802,0.67643
0.204277,0.657805,0.6759
0.205046,0.65759,0.675371
0.205816,0.657376,0.674844
0.206585,0.657162,0.674319
0.207355,0.656948,0.673795
0.208124,0.656735,0.673273
0.208894,0.656522,0.672752
0.209663,0.656309,0.672232
0.210433,0.656096,0.671713
0.211202,0.655883,0.671194
0.211972,0.655671,0.670677
0.212741,0.655459,0.670159
0.213511,0.655247,0.669642
0.214281,0.655035,0.669125
0.21505,0.654823,0.668608
0.21582,0.654611,0.66809
0.216589,0.654399,0.667571
0.217359,0.654186,0.667051
0.218128,0.653974,0.66653
0.218898,0.653762,0.666008
0.219667,0.653549,0.665484
0.220437,0.653336,0.664957
0.221206,0.653123,0.664428
0.221976,0.65291,0.663896
0.222745,0.652696,0.663361
0.223515,0.652482,0.662823
0.224285,0.652267,0.66228
0.225054,0.652051,0.661733
0.225824,0.651835,0.661182
0.226593,0.651618,0.660626
0.227363,0.6514,0.660064
0.228132,0.651182,0.659496
0.228902,0.650962,0.658921
0.229671,0.650742,0.65834
0.230441,0.65052,0.657751
0.23121,0.650297,0.657154
0.23198,0.650073,0.656549
0.232749,0.649848,0.655935
0.233519,0.649621,0.655311
0.234289,0.649392,0.654677
0.235058,0.649162,0.654032
0.235828,0.64893,0.653375
0.236597,0.648696,0.652707
0.237367,0.64846,0.652026
0.238136,0.648222,0.651331
0.238906,0.647982,0.650622
0.239675,0.64774,0.649898
0.240445,0.647494,0.649159
0.241214,0.647247,0.648403
0.241984,0.646996,0.647629
0.242754,0.646742,0.646838
0.243523,0.646486,0.646028
0.244293,0.646226,0.645197
0.245062,0.645963,0.644347
0.245832,0.645696,0.643474
0.246601,0.645426,0.642579
0.247371,0.645151,0.64166
0.24814,0.644873,0.640716
0.24891,0.64459,0.639747
0.249679,0.644303,0.638751
0.250449,0.644011,0.637727
